0 0 0
1 0.207445 253
2 0.343259 529
3 0.393843 671
4 0.435078 797
5 0.459562 824
6 0.483949 862
7 0.506696 916
8 0.525962 948
9 0.543389 961
10 0.556100 993
11 0.568799 1040
12 0.580656 1069
13 0.592059 1082
14 0.602977 1094
15 0.611931 1152
16 0.620366 1169
17 0.628767 1204
18 0.636909 1214
19 0.644873 1222
20 0.652470 1232
21 0.659713 1246
22 0.666399 1255
23 0.673076 1267
24 0.679405 1273
25 0.684666 1278
26 0.689672 1297
27 0.694394 1312
28 0.699052 1318
29 0.703533 1323
30 0.707971 1327
31 0.712206 1343
32 0.716249 1357
33 0.719893 1361
34 0.723522 1366
35 0.727152 1371
36 0.730649 1379
37 0.734121 1393
38 0.737569 1412
39 0.741010 1423
40 0.744328 1428
41 0.747561 1435
42 0.750638 1445
43 0.753636 1448
44 0.756383 1450
45 0.759086 1453
46 0.761775 1455
47 0.764434 1459
48 0.767075 1474
49 0.769704 1484
50 0.772275 1489
51 0.774803 1493
52 0.777301 1494
53 0.779790 1510
54 0.782268 1514
55 0.784722 1516
56 0.787117 1520
57 0.789512 1522
58 0.791860 1532
59 0.794204 1535
60 0.796496 1541
61 0.798787 1546
62 0.801047 1556
63 0.803295 1562
64 0.805485 1567
65 0.807674 1574
66 0.809808 1591
67 0.811921 1597
68 0.813905 1604
69 0.815888 1606
70 0.817815 1611
71 0.819710 1613
72 0.821606 1617
73 0.823458 1627
74 0.825302 1632
75 0.827124 1637
76 0.828916 1643
77 0.830709 1646
78 0.832502 1650
79 0.834265 1651
80 0.836018 1657
81 0.837733 1664
82 0.839432 1668
83 0.841078 1671
84 0.842716 1684
85 0.844332 1685
86 0.845902 1691
87 0.847430 1694
88 0.848932 1702
89 0.850406 1710
90 0.851875 1711
91 0.853300 1714
92 0.854667 1716
93 0.856004 1717
94 0.857312 1718
95 0.858608 1737
96 0.859901 1739
97 0.861181 1745
98 0.862460 1749
99 0.863694 1752
100 0.864884 1754
101 0.866075 1758
102 0.867235 1762
103 0.868383 1764
104 0.869529 1765
105 0.870661 1767
106 0.871792 1769
107 0.872924 1771
108 0.874051 1778
109 0.875159 1782
110 0.876246 1783
111 0.877319 1784
112 0.878377 1786
113 0.879432 1792
114 0.880482 1796
115 0.881526 1798
116 0.882569 1800
117 0.883605 1805
118 0.884619 1808
119 0.885623 1813
120 0.886622 1815
121 0.887606 1817
122 0.888591 1819
123 0.889561 1820
124 0.890530 1830
125 0.891496 1833
126 0.892450 1838
127 0.893390 1839
128 0.894327 1843
129 0.895256 1846
130 0.896172 1854
131 0.897068 1857
132 0.897964 1859
133 0.898861 1860
134 0.899757 1865
135 0.900639 1866
136 0.901520 1868
137 0.902402 1871
138 0.903254 1873
139 0.904107 1882
140 0.904959 1884
141 0.905802 1886
142 0.906630 1890
143 0.907453 1892
144 0.908275 1895
145 0.909091 1899
146 0.909902 1901
147 0.910710 1902
148 0.911518 1903
149 0.912325 1906
150 0.913119 1908
151 0.913898 1910
152 0.914665 1919
153 0.915429 1920
154 0.916178 1922
155 0.916927 1923
156 0.917677 1924
157 0.918397 1926
158 0.919088 1927
159 0.919778 1928
160 0.920469 1929
161 0.921148 1933
162 0.921824 1934
163 0.922500 1936
164 0.923161 1938
165 0.923822 1941
166 0.924483 1942
167 0.925145 1943
168 0.925806 1944
169 0.926467 1945
170 0.927117 1948
171 0.927763 1950
172 0.928410 1951
173 0.929042 1955
174 0.929674 1956
175 0.930291 1957
176 0.930905 1959
177 0.931508 1960
178 0.932107 1964
179 0.932695 1965
180 0.933283 1966
181 0.933871 1968
182 0.934441 1970
183 0.934999 1971
184 0.935558 1972
185 0.936101 1973
186 0.936645 1974
187 0.937174 1975
188 0.937703 1976
189 0.938217 1977
190 0.938732 1978
191 0.939246 1980
192 0.939760 1981
193 0.940270 1984
194 0.940779 1989
195 0.941286 1992
196 0.941793 1996
197 0.942292 1997
198 0.942792 1998
199 0.943291 2000
200 0.943791 2002
201 0.944289 2006
202 0.944786 2014
203 0.945277 2016
204 0.945766 2021
205 0.946251 2023
206 0.946721 2024
207 0.947190 2027
208 0.947656 2031
209 0.948120 2034
210 0.948575 2036
211 0.949031 2037
212 0.949486 2038
213 0.949942 2039
214 0.950395 2044
215 0.950837 2046
216 0.951278 2047
217 0.951719 2048
218 0.952156 2051
219 0.952591 2056
220 0.953018 2058
221 0.953444 2059
222 0.953868 2061
223 0.954280 2062
224 0.954691 2063
225 0.955097 2066
226 0.955494 2067
227 0.955890 2068
228 0.956287 2069
229 0.956684 2070
230 0.957070 2072
231 0.957452 2073
232 0.957834 2074
233 0.958216 2075
234 0.958598 2076
235 0.958978 2078
236 0.959345 2079
237 0.959712 2080
238 0.960071 2082
239 0.960424 2083
240 0.960773 2087
241 0.961122 2089
242 0.961467 2091
243 0.961797 2093
244 0.962124 2095
245 0.962447 2100
246 0.962771 2102
247 0.963094 2103
248 0.963417 2104
249 0.963740 2105
250 0.964064 2106
251 0.964378 2110
252 0.964688 2112
253 0.964997 2113
254 0.965305 2114
255 0.965614 2115
256 0.965922 2116
257 0.966225 2118
258 0.966525 2120
259 0.966819 2121
260 0.967113 2122
261 0.967407 2123
262 0.967701 2124
263 0.967994 2125
264 0.968288 2126
265 0.968582 2127
266 0.968876 2128
267 0.969166 2131
268 0.969445 2132
269 0.969724 2133
270 0.970003 2134
271 0.970282 2135
272 0.970562 2136
273 0.970841 2137
274 0.971120 2138
275 0.971399 2139
276 0.971674 2141
277 0.971943 2143
278 0.972212 2145
279 0.972476 2146
280 0.972741 2147
281 0.973005 2148
282 0.973270 2149
283 0.973534 2150
284 0.973799 2151
285 0.974063 2152
286 0.974328 2153
287 0.974592 2154
288 0.974857 2155
289 0.975111 2159
290 0.975364 2161
291 0.975616 2163
292 0.975869 2165
293 0.976120 2167
294 0.976372 2170
295 0.976621 2171
296 0.976871 2172
297 0.977121 2173
298 0.977371 2174
299 0.977621 2176
300 0.977866 2178
301 0.978101 2179
302 0.978336 2180
303 0.978571 2183
304 0.978807 2184
305 0.979042 2185
306 0.979277 2186
307 0.979512 2187
308 0.979732 2188
309 0.979953 2189
310 0.980173 2190
311 0.980394 2191
312 0.980614 2192
313 0.980834 2193
314 0.981055 2194
315 0.981275 2195
316 0.981496 2196
317 0.981716 2197
318 0.981935 2199
319 0.982147 2202
320 0.982354 2205
321 0.982560 2207
322 0.982765 2210
323 0.982971 2211
324 0.983177 2212
325 0.983382 2213
326 0.983588 2214
327 0.983784 2216
328 0.983975 2217
329 0.984166 2218
330 0.984357 2219
331 0.984548 2220
332 0.984739 2221
333 0.984930 2222
334 0.985121 2223
335 0.985312 2224
336 0.985494 2226
337 0.985670 2227
338 0.985847 2228
339 0.986023 2229
340 0.986199 2230
341 0.986376 2231
342 0.986548 2233
343 0.986717 2237
344 0.986883 2239
345 0.987045 2240
346 0.987207 2241
347 0.987368 2242
348 0.987530 2243
349 0.987692 2244
350 0.987853 2245
351 0.988015 2246
352 0.988177 2247
353 0.988338 2248
354 0.988500 2249
355 0.988660 2252
356 0.988816 2254
357 0.988967 2256
358 0.989116 2258
359 0.989263 2259
360 0.989409 2260
361 0.989556 2261
362 0.989703 2262
363 0.989846 2263
364 0.989987 2264
365 0.990125 2265
366 0.990263 2266
367 0.990401 2267
368 0.990538 2269
369 0.990672 2270
370 0.990802 2271
371 0.990933 2272
372 0.991061 2273
373 0.991189 2275
374 0.991317 2276
375 0.991443 2277
376 0.991568 2278
377 0.991690 2279
378 0.991808 2280
379 0.991924 2281
380 0.992037 2282
381 0.992150 2283
382 0.992260 2284
383 0.992370 2285
384 0.992481 2286
385 0.992591 2289
386 0.992700 2290
387 0.992807 2291
388 0.992913 2293
389 0.993017 2294
390 0.993121 2295
391 0.993226 2296
392 0.993327 2298
393 0.993428 2299
394 0.993527 2300
395 0.993624 2302
396 0.993721 2303
397 0.993815 2304
398 0.993909 2305
399 0.994003 2306
400 0.994095 2307
401 0.994187 2308
402 0.994278 2310
403 0.994366 2311
404 0.994454 2312
405 0.994542 2313
406 0.994629 2315
407 0.994716 2316
408 0.994802 2317
409 0.994888 2318
410 0.994971 2319
411 0.995055 2320
412 0.995139 2321
413 0.995222 2323
414 0.995305 2324
415 0.995386 2325
416 0.995466 2326
417 0.995547 2327
418 0.995625 2328
419 0.995701 2329
420 0.995778 2330
421 0.995853 2331
422 0.995928 2332
423 0.996003 2333
424 0.996076 2334
425 0.996150 2335
426 0.996220 2336
427 0.996289 2337
428 0.996358 2338
429 0.996427 2339
430 0.996496 2340
431 0.996564 2341
432 0.996632 2342
433 0.996699 2343
434 0.996767 2344
435 0.996833 2345
436 0.996896 2346
437 0.996959 2347
438 0.997022 2348
439 0.997086 2349
440 0.997147 2350
441 0.997209 2351
442 0.997271 2352
443 0.997333 2353
444 0.997394 2354
445 0.997454 2355
446 0.997515 2356
447 0.997574 2357
448 0.997632 2358
449 0.997691 2359
450 0.997748 2360
451 0.997806 2361
452 0.997862 2362
453 0.997916 2363
454 0.997970 2364
455 0.998025 2365
456 0.998078 2366
457 0.998130 2367
458 0.998183 2368
459 0.998236 2369
460 0.998289 2370
461 0.998342 2372
462 0.998393 2374
463 0.998445 2375
464 0.998496 2376
465 0.998546 2377
466 0.998595 2378
467 0.998643 2379
468 0.998690 2380
469 0.998734 2381
470 0.998777 2382
471 0.998820 2383
472 0.998862 2384
473 0.998903 2385
474 0.998942 2386
475 0.998980 2387
476 0.999017 2388
477 0.999053 2389
478 0.999089 2390
479 0.999124 2391
480 0.999158 2392
481 0.999191 2393
482 0.999225 2394
483 0.999259 2395
484 0.999291 2396
485 0.999324 2397
486 0.999356 2398
487 0.999388 2399
488 0.999421 2400
489 0.999453 2401
490 0.999485 2402
491 0.999516 2403
492 0.999546 2404
493 0.999575 2405
494 0.999603 2406
495 0.999631 2407
496 0.999659 2408
497 0.999687 2409
498 0.999713 2410
499 0.999738 2411
500 0.999763 2412
501 0.999788 2413
502 0.999813 2414
503 0.999836 2415
504 0.999860 2416
505 0.999883 2417
506 0.999906 2418
507 0.999926 2419
508 0.999947 2420
509 0.999966 2421
510 0.999983 2422
511 0.999993 2423
512 1.000000 2424